1.5,1.5,1.5,1,0,0,0
1.50044,1.50071,1.49972,1,-2.25164e-005,-0.000127771,-0.000208982
1.49984,1.49986,1.5001,1,-0.000170904,-7.81459e-005,-0.000215016
1.49977,1.5001,1.50019,1,8.98517e-005,-0.000121744,-0.000144581
1.49985,1.49961,1.50043,1,-0.00011229,-0.000394115,-0.000416539
1.50002,1.49961,1.50039,1,-8.27129e-005,-0.000598666,-0.000609766
1.4999,1.49989,1.50043,1,0.000207989,-0.000366029,-0.000312999
1.5002,1.49953,1.50047,1,0.000111284,-0.000412072,-0.000357526
1.50022,1.49971,1.50044,1,0.000366042,-0.000283332,-0.000231598
1.50018,1.49946,1.5005,1,0.000150689,-0.00033371,-0.000210029
1.50017,1.49984,1.50037,1,-1.74245e-006,-0.000309359,-0.000321409
1.49985,1.49984,1.50027,1,7.66157e-005,-0.000200271,-0.00029991
1.50008,1.49949,1.5003,1,-0.000161077,-0.000195401,-0.000187613
1.49984,1.49986,1.50001,1,0.00023731,5.19418e-005,-1.3025e-005
1.49994,1.49958,1.50004,1,0.000134918,-1.88156e-006,9.16721e-005
1.49991,1.49947,1.49999,1,-0.0001493,-7.068e-005,2.02105e-005
1.49981,1.50038,1.49953,1,-0.000264674,-5.45284e-005,0.000180004
1.4997,1.50011,1.49966,1,-0.000623949,-0.000130276,6.48498e-005
1.50007,1.49982,1.49975,0.999999,-0.00118388,-0.000220544,-0.000157178
1.49989,1.49995,1.49965,0.999999,-0.0010964,-4.6568e-005,-0.00019901
1.49981,1.50013,1.49959,0.999999,-0.0012721,0.000187088,-0.000348539
1.49964,1.50043,1.49944,0.999998,-0.0017684,0.000132572,-3.66283e-005
1.49962,1.50059,1.49931,0.999998,-0.00213686,0.000114373,4.95802e-005
1.49955,1.49919,1.49981,0.999996,-0.0029595,-9.47595e-005,-0.000228681
1.49957,1.49932,1.49965,0.999996,-0.00286677,-0.000181396,5.38291e-005
1.49935,1.49968,1.49941,0.999995,-0.00292479,-0.00106779,0.000919414
1.4986,1.49948,1.49922,0.999993,-0.00311131,-0.00198889,0.000959742
1.49838,1.49909,1.49931,0.99999,-0.00377156,-0.00216691,0.00131421
1.49852,1.49886,1.49897,0.999985,-0.00419928,-0.00280183,0.0020573
1.4984,1.49841,1.49899,0.999978,-0.0042579,-0.0032495,0.00389645
1.49829,1.49823,1.49881,0.999968,-0.00350456,-0.00360685,0.00626648
1.49831,1.49833,1.49866,0.999963,-0.00296183,-0.00364488,0.00724206
1.49842,1.49773,1.49859,0.999956,-0.00245791,-0.00357619,0.00831032
1.49841,1.49766,1.49849,0.999939,-0.00151328,-0.00339772,0.0104258
1.49859,1.49815,1.49838,0.99993,-0.00103679,-0.00329127,0.0112912
1.4984,1.49859,1.49829,0.999938,-0.00129851,-0.00324345,0.0105255
1.49726,1.49803,1.4981,0.999926,-0.00141652,-0.00454352,0.0112358
1.49643,1.49813,1.4978,0.99991,-0.000882911,-0.00580957,0.0120256
1.49633,1.49778,1.49792,0.999916,-0.000638587,-0.00622636,0.0113317
1.49616,1.49694,1.49771,0.999924,0.000273928,-0.0064267,0.0104784
1.49638,1.49692,1.49752,0.999925,0.00225137,-0.00664139,0.010012
1.49639,1.4976,1.49719,0.999934,0.00246433,-0.0062581,0.00927168
1.4963,1.49856,1.49718,0.999934,0.00055039,-0.00633656,0.00959449
1.49596,1.49753,1.49752,0.999929,-0.00198625,-0.00692625,0.00949184
1.49617,1.49744,1.49734,0.999924,-0.00156523,-0.00707169,0.0100018
1.49602,1.49736,1.49715,0.999906,-0.00225633,-0.00757336,0.0111701
1.49584,1.49706,1.49713,0.999844,-0.00766818,-0.00813494,0.0136927
1.49611,1.49294,1.49783,0.999707,-0.0117253,-0.00923212,0.0190368
1.49624,1.4891,1.49823,0.999539,-0.0135574,-0.00979426,0.0253271
1.49725,1.48335,1.49935,0.9995,-0.0133966,-0.00880584,0.0272439
1.49815,1.47899,1.49983,0.999548,-0.0111296,-0.00860772,0.0265589
1.49833,1.4748,1.5004,0.999597,-0.0102857,-0.00891628,0.0248936
1.49897,1.47035,1.50141,0.999585,-0.00975906,-0.00956292,0.0253615
1.49916,1.46611,1.50247,0.999493,-0.010173,-0.00988772,0.0284979
1.49946,1.4636,1.50329,0.999412,-0.0115693,-0.00994111,0.0307092
1.49974,1.46099,1.50428,0.999356,-0.0134205,-0.0104834,0.0315801
1.50007,1.45909,1.50493,0.999338,-0.0130483,-0.0106256,0.0322523
1.50022,1.45834,1.50535,0.999314,-0.0127654,-0.0106392,0.0330858
1.50056,1.45772,1.50573,0.9993,-0.0123174,-0.0108111,0.0336215
1.50118,1.45771,1.5062,0.999279,-0.0112439,-0.0110628,0.0345343
1.50085,1.4593,1.50607,0.999174,-0.0122243,-0.0115068,0.0369992
1.50009,1.46019,1.50649,0.999105,-0.0131393,-0.0122359,0.0382911
1.49985,1.46251,1.50677,0.999079,-0.0136369,-0.0120545,0.0388468
1.49939,1.4649,1.50698,0.999059,-0.0153843,-0.0128597,0.0384537
1.49876,1.46648,1.50731,0.999116,-0.0175442,-0.0129413,0.0359518
1.49864,1.46783,1.50773,0.999142,-0.0175786,-0.0129846,0.0351936
1.49786,1.47096,1.50737,0.999076,-0.0193898,-0.0139145,0.0357466
1.49776,1.47112,1.50811,0.999057,-0.021543,-0.0143193,0.034867
1.49831,1.47201,1.50858,0.999025,-0.0229459,-0.0141865,0.0349382
1.49936,1.47277,1.50886,0.998971,-0.0246214,-0.0145429,0.0352112
1.50033,1.47152,1.50953,0.99897,-0.0254171,-0.0142655,0.0347862
1.50171,1.47056,1.50977,0.998998,-0.0244232,-0.013726,0.0349092
1.50374,1.46912,1.51011,0.999006,-0.0247184,-0.0131922,0.0346622
1.50581,1.46648,1.51047,0.999021,-0.0245139,-0.0133742,0.0343076
1.50788,1.46416,1.51046,0.999038,-0.0241735,-0.0127955,0.0342759
1.51044,1.46211,1.51035,0.999001,-0.0253649,-0.0121321,0.0347236
1.51339,1.45771,1.51046,0.998948,-0.0270164,-0.0124193,0.034898
1.51677,1.45414,1.50998,0.998981,-0.0259473,-0.0121873,0.0348548
1.52086,1.45068,1.50928,0.999051,-0.0244587,-0.0107524,0.0343997
1.52535,1.44623,1.50847,0.999114,-0.0230321,-0.00904145,0.0340487
1.53026,1.44279,1.50701,0.999167,-0.0197761,-0.00732534,0.0349477
1.53589,1.43819,1.50576,0.999149,-0.0182116,-0.00485485,0.0366879
1.54143,1.43361,1.50446,0.999098,-0.0171388,-0.00255903,0.0387656
1.54659,1.42942,1.5027,0.998993,-0.0151682,0.000137248,0.0422233
1.55251,1.4266,1.5003,0.998863,-0.0131287,0.00300767,0.0457337
1.55833,1.42363,1.49799,0.998703,-0.0126411,0.0060087,0.0489546
1.56363,1.42202,1.49573,0.99852,-0.01055,0.00945982,0.0525162
1.56893,1.42407,1.49271,0.998338,-0.00955806,0.0136269,0.0551736
1.57399,1.42531,1.4903,0.998032,-0.0125791,0.0171498,0.0589848
1.57933,1.42275,1.48903,0.997674,-0.0166301,0.0203468,0.0628953
1.58583,1.42247,1.48616,0.997397,-0.017381,0.0233854,0.0659572
1.59207,1.42157,1.48367,0.99713,-0.018418,0.0270334,0.068273
1.59852,1.42053,1.4808,0.996902,-0.0187267,0.029606,0.0704268
1.60394,1.4195,1.47853,0.996646,-0.0198184,0.0324784,0.0724543
1.61736,1.42003,1.47303,0.996107,-0.0229964,0.0397337,0.0752543
1.62941,1.41836,1.46859,0.995179,-0.0262534,0.0468467,0.0820652
1.63598,1.41815,1.4657,0.99481,-0.0260535,0.0500975,0.0846461
1.64285,1.41785,1.46274,0.99449,-0.0256655,0.0530081,0.0867241
1.65546,1.41808,1.45665,0.993731,-0.0235067,0.0584194,0.0923743
1.66614,1.41846,1.45164,0.993018,-0.0203272,0.0654728,0.0959918
1.67195,1.41951,1.44869,0.992836,-0.0213836,0.0679534,0.0959252
1.67838,1.42025,1.44636,0.992621,-0.0227495,0.071276,0.095429
1.69099,1.42047,1.44221,0.991779,-0.0245113,0.0778764,0.0985314
1.70464,1.42273,1.43761,0.990993,-0.0237832,0.0842814,0.101309
1.71002,1.42253,1.43697,0.99059,-0.0238501,0.0888329,0.101345
1.71654,1.42441,1.43534,0.990138,-0.0226996,0.0931328,0.102164
1.72993,1.42653,1.43284,0.989262,-0.0210767,0.100242,0.104251
1.74135,1.42689,1.4333,0.988162,-0.0165787,0.110407,0.10522
1.74901,1.42824,1.43243,0.987431,-0.0170689,0.114611,0.107481
1.75564,1.42998,1.43209,0.986632,-0.0165537,0.118015,0.111152
1.76939,1.43157,1.43277,0.985193,-0.0162445,0.128149,0.112728
1.78517,1.43625,1.4324,0.983181,-0.0152968,0.138602,0.117941
1.79307,1.4382,1.43235,0.982216,-0.0156252,0.143464,0.120108
1.80108,1.44022,1.4322,0.981374,-0.0168457,0.14776,0.121606
1.8144,1.44246,1.43359,0.979694,-0.0193099,0.156929,0.12329
1.8277,1.44375,1.43523,0.977532,-0.0215956,0.165694,0.128496
1.83454,1.44544,1.43576,0.976534,-0.0225735,0.170203,0.130007
1.84098,1.44596,1.4364,0.975518,-0.0233624,0.174419,0.131896
1.85322,1.4477,1.43748,0.97403,-0.0248379,0.18228,0.131993
1.86642,1.4495,1.43716,0.971993,-0.0244413,0.188146,0.138682
1.87148,1.44975,1.4377,0.971416,-0.0241962,0.189972,0.140275
1.87659,1.44974,1.43825,0.971089,-0.0245917,0.192299,0.139294
1.88766,1.45172,1.43843,0.970526,-0.0264975,0.19405,0.140436
1.89792,1.45281,1.43886,0.970373,-0.0291264,0.196051,0.138172
1.90343,1.45355,1.43881,0.970116,-0.0299563,0.197641,0.137536
1.90928,1.45408,1.43848,0.969772,-0.0308482,0.199027,0.137765
1.92074,1.45558,1.43747,0.968899,-0.0339666,0.20202,0.138813
1.93354,1.45862,1.43465,0.967687,-0.0381614,0.20354,0.143863
1.9395,1.46001,1.43323,0.967488,-0.039834,0.20318,0.145253
1.94521,1.46102,1.43187,0.967718,-0.0402752,0.203061,0.14376
1.95798,1.46199,1.42852,0.968314,-0.0404093,0.202826,0.139991
1.97042,1.46332,1.42448,0.969073,-0.0411742,0.200976,0.137156
1.97724,1.46414,1.42217,0.969167,-0.0439398,0.200325,0.136581
1.98379,1.46572,1.41954,0.969199,-0.0482488,0.19831,0.137837
1.99659,1.46918,1.41346,0.969602,-0.055334,0.193475,0.139202
2.00871,1.47184,1.4071,0.97052,-0.0545981,0.190201,0.137603
2.01485,1.47136,1.40438,0.971032,-0.0545486,0.188186,0.136772
2.02101,1.47161,1.40122,0.971448,-0.0559951,0.185647,0.136708
2.03121,1.47162,1.39435,0.973189,-0.0536578,0.178009,0.135411
2.04009,1.47019,1.38705,0.975226,-0.0514297,0.173059,0.12783
2.04539,1.46867,1.383,0.975508,-0.0503424,0.170681,0.129301
2.04992,1.4684,1.37864,0.975842,-0.0500359,0.166811,0.13192
2.05851,1.46744,1.37039,0.977005,-0.0485534,0.16152,0.130444
2.06816,1.46631,1.36202,0.977742,-0.0470046,0.156121,0.132051
2.07259,1.46625,1.35835,0.978171,-0.046941,0.154166,0.131189
2.0781,1.46642,1.35476,0.978336,-0.0473729,0.152525,0.13172
2.08913,1.4672,1.34857,0.978351,-0.0485273,0.148743,0.135461
2.09868,1.46919,1.34248,0.979256,-0.0496226,0.144107,0.133521
2.10364,1.47049,1.33906,0.979585,-0.050867,0.141727,0.133191
2.10845,1.47213,1.33557,0.979844,-0.0528704,0.139553,0.132799
2.11812,1.47561,1.32795,0.979745,-0.05827,0.131209,0.1396
2.12562,1.47786,1.32086,0.981168,-0.0593231,0.124041,0.135658
2.12906,1.47795,1.31738,0.9818,-0.0592927,0.120863,0.133958
2.13295,1.47755,1.31379,0.982228,-0.0593883,0.11726,0.133986
2.13986,1.47774,1.30578,0.983714,-0.0615235,0.10867,0.129279
2.14324,1.47779,1.30151,0.984629,-0.0591484,0.106073,0.125522
2.15162,1.47629,1.29355,0.985527,-0.0590931,0.101715,0.122057
2.15553,1.47654,1.28946,0.985778,-0.0593381,0.0989403,0.122193
2.16352,1.47633,1.2813,0.986154,-0.063385,0.091655,0.122807
2.16687,1.47737,1.27714,0.986646,-0.0650989,0.0881849,0.12048
2.17439,1.47649,1.26945,0.986858,-0.0723041,0.0821203,0.118913
2.17802,1.47753,1.26495,0.986656,-0.076256,0.0788525,0.120321
2.18635,1.47937,1.25646,0.98632,-0.0829629,0.0732443,0.122166
2.18934,1.48075,1.25266,0.986238,-0.0866342,0.0708231,0.121711
2.19762,1.4825,1.24529,0.98485,-0.0952175,0.0652398,0.129413
2.20008,1.48536,1.24123,0.984687,-0.096172,0.0615316,0.131743
2.20454,1.4897,1.23445,0.985503,-0.0964269,0.0578442,0.127039
2.20705,1.4901,1.23196,0.985643,-0.0963719,0.0565713,0.12657
2.21137,1.49353,1.22619,0.985617,-0.0998594,0.0523226,0.125898
2.21337,1.49546,1.22335,0.985725,-0.0989338,0.0515686,0.126092
2.21748,1.49847,1.2171,0.985799,-0.0979564,0.0481762,0.127612
2.21892,1.50036,1.2135,0.985836,-0.0957101,0.0463057,0.129699
2.22229,1.50275,1.2059,0.986041,-0.0938937,0.0408669,0.131288
2.2276,1.50713,1.19258,0.986515,-0.0917702,0.0335562,0.131306
2.2297,1.50855,1.18766,0.98664,-0.0905182,0.0315149,0.13174
2.23228,1.50932,1.18288,0.986758,-0.0894486,0.0296192,0.132023
2.23502,1.51028,1.17784,0.986851,-0.0889315,0.028305,0.13197
2.24224,1.51323,1.16705,0.986382,-0.0894649,0.0235577,0.135981
2.24851,1.5164,1.15558,0.98671,-0.0881912,0.0201497,0.13498
2.2527,1.51725,1.14989,0.986758,-0.0876389,0.0190555,0.13515
2.25673,1.51912,1.14415,0.986656,-0.0878235,0.0180948,0.135903
2.26614,1.52351,1.13249,0.986609,-0.0899192,0.0147854,0.13527
2.27426,1.5253,1.12215,0.987275,-0.0894064,0.0106578,0.131073
2.27866,1.52543,1.11712,0.98731,-0.0903195,0.00898293,0.130311
2.28296,1.52453,1.11199,0.98704,-0.0904107,0.00691108,0.132402
2.2915,1.52409,1.10022,0.986356,-0.0915873,0.000304632,0.136795
2.29731,1.52374,1.08888,0.986627,-0.0889631,-0.00461749,0.1365
2.30005,1.52294,1.08349,0.986198,-0.0909433,-0.00789453,0.13813
2.30295,1.52324,1.07759,0.985457,-0.0944144,-0.0118459,0.140784
2.30679,1.52483,1.06392,0.984407,-0.0993673,-0.0202266,0.143735
2.30921,1.52622,1.04932,0.983394,-0.104309,-0.0282186,0.145809
2.30949,1.52773,1.04091,0.982921,-0.106558,-0.0334847,0.146258
2.30955,1.52898,1.03248,0.982584,-0.109702,-0.0394035,0.144713
2.30989,1.53575,1.01435,0.981786,-0.115488,-0.0517194,0.141718
2.30869,1.54044,0.998304,0.980428,-0.120949,-0.0622479,0.142328
2.30854,1.54322,0.990524,0.980099,-0.123726,-0.0665244,0.140257
2.30842,1.54557,0.983597,0.979721,-0.126848,-0.0703647,0.138224
2.30819,1.54764,0.977112,0.979272,-0.13002,-0.0740031,0.136544
2.30718,1.54937,0.970459,0.978964,-0.133227,-0.0779629,0.133422
2.30595,1.55247,0.963865,0.978936,-0.134461,-0.0816015,0.130179
2.30727,1.55757,0.952836,0.978728,-0.138432,-0.0870145,0.123921
2.30631,1.5611,0.942677,0.977771,-0.144228,-0.0937852,0.119857
2.30536,1.56284,0.937667,0.977739,-0.145462,-0.096745,0.116219
2.30469,1.56496,0.933054,0.978051,-0.145403,-0.0987437,0.111906
2.3034,1.56494,0.92513,0.977985,-0.146386,-0.105396,0.10492
2.3007,1.56538,0.91656,0.977591,-0.147813,-0.113438,0.0979721
2.29811,1.56448,0.912676,0.977228,-0.149696,-0.116618,0.0949597
2.29554,1.56355,0.908637,0.976715,-0.151589,-0.120246,0.0926801
2.28829,1.56189,0.899883,0.975776,-0.153348,-0.129277,0.0873615
2.28403,1.55988,0.896313,0.975452,-0.152985,-0.133968,0.0845098
2.28119,1.55854,0.892444,0.974821,-0.153454,-0.139565,0.0818339
2.27836,1.55755,0.888266,0.973929,-0.154102,-0.146454,0.0791563
2.27604,1.55612,0.884912,0.97304,-0.15463,-0.153689,0.0752517
2.27417,1.55355,0.882714,0.972363,-0.154031,-0.160492,0.0709078
2.27132,1.55211,0.87931,0.972082,-0.151275,-0.166244,0.0673459
2.26903,1.55214,0.875495,0.971478,-0.149755,-0.171789,0.0655211
2.26552,1.55037,0.872003,0.970362,-0.150685,-0.177547,0.064565
2.26184,1.54717,0.868629,0.969047,-0.151067,-0.184481,0.0639863
2.25782,1.54615,0.864417,0.96828,-0.149535,-0.190419,0.0617622
2.25113,1.54356,0.857334,0.966792,-0.146428,-0.201218,0.0581767
2.24337,1.53953,0.850346,0.964522,-0.143448,-0.214957,0.0539814
2.23988,1.53851,0.847055,0.963604,-0.141822,-0.220957,0.0503174
2.23624,1.53757,0.843645,0.962508,-0.140082,-0.22736,0.0475707
2.23038,1.53637,0.837447,0.960712,-0.135622,-0.23797,0.0448225
2.22519,1.53501,0.832847,0.958726,-0.133826,-0.24704,0.0436664
2.22221,1.53361,0.83108,0.957768,-0.133395,-0.25107,0.0430065
2.22032,1.53302,0.829789,0.956839,-0.13244,-0.255198,0.0423309
2.21644,1.53068,0.827058,0.954714,-0.130686,-0.264012,0.0417207
2.21241,1.52909,0.824456,0.95267,-0.127536,-0.273132,0.0394166
2.21033,1.5279,0.82342,0.95128,-0.125733,-0.278952,0.0379847
2.20744,1.52691,0.821932,0.949831,-0.124044,-0.284779,0.0365295
2.20303,1.52406,0.821558,0.947154,-0.118035,-0.29643,0.0331133
2.19697,1.52081,0.821052,0.944799,-0.109513,-0.307126,0.0321781
2.19425,1.52097,0.82034,0.94359,-0.106,-0.312009,0.0324458
2.19021,1.52037,0.819857,0.942551,-0.103229,-0.316032,0.0326217
2.18477,1.51659,0.823297,0.939729,-0.0999594,-0.325562,0.0304365
2.17794,1.51148,0.825662,0.937923,-0.0927143,-0.333079,0.0276321
2.1743,1.50646,0.827361,0.936759,-0.0884643,-0.337535,0.0269497
2.1707,1.50387,0.827798,0.935816,-0.0845851,-0.341098,0.0272911
2.16384,1.49744,0.828876,0.932956,-0.0783618,-0.350448,0.0252857
2.15585,1.49206,0.827733,0.929562,-0.0710765,-0.360939,0.0242194
2.15141,1.48777,0.828586,0.927398,-0.0689887,-0.367052,0.0211029
2.14689,1.48235,0.829933,0.925978,-0.0653136,-0.371444,0.0181201
2.13973,1.47883,0.832104,0.923604,-0.0566089,-0.378878,0.0142354
2.13359,1.47458,0.834094,0.921205,-0.0511057,-0.385514,0.0121526
2.13016,1.47228,0.835367,0.919852,-0.0502154,-0.388886,0.0108522
2.12768,1.47117,0.83649,0.917803,-0.0497573,-0.393771,0.0103216
2.12196,1.46532,0.8397,0.91266,-0.0463312,-0.406009,0.00786944
2.11827,1.46271,0.841549,0.90773,-0.0457949,-0.417015,0.00528374
2.11642,1.46233,0.84239,0.904457,-0.045164,-0.424134,0.00534492
2.11449,1.46163,0.842909,0.90116,-0.0447393,-0.431163,0.00262471
2.11076,1.45886,0.844788,0.895279,-0.0429084,-0.443433,-0.00119177
2.10729,1.45903,0.844439,0.886897,-0.0413706,-0.460038,-0.00815829
2.10572,1.45858,0.84377,0.883729,-0.040031,-0.466179,-0.00986943
2.10345,1.46015,0.842508,0.879852,-0.0382494,-0.473543,-0.0124253
2.0995,1.46066,0.837665,0.870016,-0.0346434,-0.491375,-0.0205738
2.09545,1.46145,0.831827,0.859057,-0.0293363,-0.510107,-0.0308497
2.09355,1.46393,0.826385,0.854336,-0.0279283,-0.51789,-0.0334758
2.09321,1.46765,0.819606,0.848987,-0.0277579,-0.526445,-0.0361452
2.09057,1.46673,0.811792,0.838686,-0.0286745,-0.542253,-0.0417886
2.09104,1.46604,0.808023,0.830632,-0.0266146,-0.554409,-0.0444183
2.09189,1.46651,0.80535,0.827259,-0.0265684,-0.559392,-0.0449076
2.0936,1.46533,0.804515,0.82366,-0.0254668,-0.564641,-0.0459991
2.09665,1.4641,0.802043,0.819149,-0.0214307,-0.570965,-0.0503372
2.10245,1.46412,0.79847,0.815636,-0.0187764,-0.576154,-0.0493173
2.1052,1.46327,0.795263,0.814069,-0.0177699,-0.578498,-0.0481282
2.10852,1.46217,0.791889,0.812912,-0.0166942,-0.580253,-0.0469189
2.11715,1.46419,0.785016,0.810215,-0.0110469,-0.584371,-0.0440537
2.12667,1.46698,0.77632,0.807767,-0.007054,-0.587825,-0.0438706
2.13174,1.46886,0.772665,0.806702,-0.00501339,-0.589344,-0.0433573
2.13661,1.47065,0.769348,0.806056,-0.00205744,-0.59035,-0.0419143
2.14778,1.478,0.76212,0.807454,0.00456782,-0.588662,-0.038399
2.1587,1.49038,0.753861,0.810988,0.00432742,-0.584107,-0.0331363
2.16402,1.49721,0.750912,0.813313,0.00345008,-0.580973,-0.0313059
2.17012,1.50477,0.748579,0.8151,0.00312038,-0.578477,-0.031095
2.17978,1.51998,0.742183,0.820525,-0.00116317,-0.570384,-0.0374114
2.19118,1.53562,0.735019,0.824968,-0.0101937,-0.563393,-0.0437202
2.19764,1.54542,0.730915,0.827195,-0.0144323,-0.559709,-0.047602
2.20457,1.55045,0.728583,0.828648,-0.0193984,-0.55709,-0.0511607
2.21116,1.5579,0.725415,0.830006,-0.0220355,-0.554761,-0.0533391
2.21786,1.5644,0.722155,0.830606,-0.0254239,-0.553363,-0.0568954
2.22374,1.56692,0.719114,0.831274,-0.0293269,-0.551819,-0.0601574
2.22975,1.57145,0.715678,0.832191,-0.0299292,-0.550205,-0.0619481
2.23585,1.57476,0.713242,0.833116,-0.0306459,-0.548448,-0.0646748
2.24208,1.57882,0.709927,0.834086,-0.030808,-0.546839,-0.0657215
2.25355,1.58385,0.705624,0.835392,-0.0325048,-0.544621,-0.066719
2.26424,1.59115,0.700123,0.836771,-0.0341594,-0.542201,-0.0683056
2.26958,1.59359,0.697977,0.837259,-0.0368379,-0.541058,-0.0699711
2.27456,1.59539,0.696408,0.838249,-0.0385678,-0.539222,-0.0713481
2.28507,1.60034,0.693903,0.840233,-0.0390482,-0.535604,-0.0749135
2.29511,1.6068,0.690539,0.842423,-0.0440642,-0.531546,-0.0764285
2.3003,1.60929,0.689743,0.842719,-0.0479254,-0.530667,-0.0769438
2.30544,1.61259,0.68906,0.843541,-0.0495289,-0.529271,-0.0765292
2.3152,1.61885,0.68746,0.846432,-0.0476614,-0.524171,-0.0807807
2.3201,1.62211,0.685743,0.847405,-0.0481009,-0.522552,-0.0808075
2.32421,1.62581,0.682974,0.848241,-0.0488905,-0.521197,-0.080316
2.32863,1.62979,0.681626,0.849135,-0.0492194,-0.519652,-0.0806782
2.33265,1.63355,0.680259,0.849918,-0.0490222,-0.518367,-0.0808189
2.34007,1.64098,0.677944,0.851183,-0.0484222,-0.516449,-0.0801383
2.34552,1.64981,0.676784,0.851939,-0.050924,-0.514434,-0.0834502
2.34774,1.65439,0.677095,0.852334,-0.0534621,-0.513511,-0.0835103
2.34958,1.65892,0.677669,0.852791,-0.0558287,-0.512594,-0.0829325
2.35205,1.66412,0.679657,0.853096,-0.0578957,-0.511972,-0.0822125
2.3537,1.66951,0.681622,0.853625,-0.0591979,-0.51121,-0.0805244
2.35427,1.67419,0.682998,0.854594,-0.0606097,-0.509647,-0.07909
2.35583,1.67993,0.685156,0.855499,-0.0626274,-0.50804,-0.0780671
2.3578,1.68598,0.68842,0.855975,-0.0630264,-0.507436,-0.0764346
2.35844,1.69092,0.690883,0.85668,-0.0634411,-0.506234,-0.076171
2.3597,1.69666,0.693932,0.857435,-0.06467,-0.50464,-0.0772094
2.36122,1.70245,0.697129,0.85793,-0.066613,-0.503494,-0.0775421
2.36253,1.70836,0.700634,0.8581,-0.0673333,-0.503184,-0.0770527
2.3649,1.71832,0.708694,0.858573,-0.0672001,-0.502133,-0.0787349
2.36498,1.72606,0.715304,0.859787,-0.0663741,-0.500366,-0.0774308
2.36584,1.73117,0.718997,0.860036,-0.0680977,-0.499772,-0.0770024
2.36646,1.73564,0.723056,0.859862,-0.0691084,-0.50013,-0.0757002
2.36765,1.74321,0.72936,0.85884,-0.072022,-0.501399,-0.0761956
2.36874,1.75061,0.736195,0.857394,-0.0695215,-0.504285,-0.0757502
2.36888,1.75386,0.73852,0.856942,-0.0681966,-0.505022,-0.0771513
2.36916,1.75826,0.74167,0.856737,-0.0654324,-0.505665,-0.0776105
2.36982,1.76261,0.744952,0.856405,-0.061889,-0.506923,-0.0759592
2.36989,1.76605,0.748132,0.855866,-0.0603532,-0.508176,-0.0748837
2.37045,1.77188,0.750642,0.855346,-0.0601403,-0.509461,-0.0722145
2.37152,1.78316,0.756962,0.854499,-0.0590214,-0.512183,-0.0633719
2.37302,1.79704,0.764966,0.853991,-0.0550371,-0.514046,-0.0585371
2.37456,1.80646,0.769301,0.854055,-0.0530476,-0.514229,-0.057826
2.37573,1.81566,0.773353,0.853763,-0.0511456,-0.515114,-0.0559459
2.3776,1.83477,0.779894,0.853296,-0.0508089,-0.516105,-0.0542239
2.37901,1.84415,0.784497,0.853207,-0.0474944,-0.516675,-0.0531994
2.38013,1.85119,0.788367,0.853483,-0.0443914,-0.51645,-0.0536242
2.3811,1.86104,0.791099,0.853578,-0.0430757,-0.516259,-0.0550054
2.38102,1.87038,0.793024,0.853148,-0.0418722,-0.517121,-0.0545079
2.38088,1.87793,0.794412,0.852799,-0.0430146,-0.517731,-0.053275
2.38112,1.88848,0.796146,0.851766,-0.043627,-0.519354,-0.0535063
2.38044,1.89786,0.798336,0.850828,-0.0425455,-0.520891,-0.0543622
2.37897,1.90606,0.800162,0.850186,-0.041829,-0.521855,-0.0556898
2.37746,1.91457,0.801821,0.849511,-0.0409805,-0.523006,-0.0558243
2.37577,1.92259,0.804349,0.848854,-0.0403031,-0.524162,-0.0554722
2.37391,1.93074,0.806655,0.848703,-0.0405153,-0.524473,-0.0546705
2.37199,1.9395,0.809163,0.848239,-0.0411862,-0.525256,-0.0538566
2.36951,1.94737,0.811137,0.847827,-0.0415053,-0.526007,-0.0527577
2.36757,1.95513,0.814089,0.84771,-0.0421106,-0.526195,-0.0522689
2.3653,1.96394,0.815998,0.847595,-0.042463,-0.526342,-0.0523746
2.36249,1.97142,0.817423,0.847225,-0.0415486,-0.527033,-0.0521442
2.36033,1.97918,0.819719,0.846954,-0.0387159,-0.527749,-0.0514977
2.35836,1.98767,0.821955,0.846863,-0.0363229,-0.527996,-0.0521946
2.35548,1.99556,0.823573,0.84681,-0.033041,-0.528389,-0.0512571
2.35324,2.00342,0.825879,0.846713,-0.030489,-0.528891,-0.0492124
2.35111,2.01166,0.827827,0.846553,-0.0291373,-0.529304,-0.048346
2.34823,2.01837,0.829774,0.846706,-0.0282479,-0.529257,-0.0466594
2.34611,2.02655,0.832094,0.846631,-0.0264225,-0.529724,-0.0437036
2.34401,2.03337,0.834398,0.846649,-0.0241039,-0.529981,-0.0415195
2.34193,2.03938,0.836742,0.84728,-0.0214475,-0.529208,-0.0399475
2.34035,2.0467,0.838608,0.84759,-0.0174932,-0.529059,-0.0371753
2.33915,2.05334,0.840473,0.847889,-0.0143298,-0.528821,-0.0350267
2.33776,2.05944,0.841468,0.848307,-0.0117581,-0.528413,-0.0318927
2.33677,2.07346,0.844096,0.848803,-0.00967894,-0.527935,-0.0269325
2.33627,2.08725,0.847528,0.849757,-0.00777689,-0.526508,-0.0253256
2.33613,2.09345,0.84891,0.850621,-0.00589407,-0.525133,-0.0253921
2.33589,2.10046,0.850043,0.851338,-0.00416678,-0.523999,-0.0251092
2.33582,2.10638,0.851427,0.852109,-0.00215381,-0.522775,-0.0247481
2.33615,2.11378,0.853289,0.853386,-0.000755492,-0.520683,-0.02494
2.33661,2.12472,0.857417,0.856297,0.00220468,-0.515918,-0.0240641
2.33737,2.13158,0.8592,0.857727,0.00324061,-0.513578,-0.0230572
2.33834,2.13986,0.86097,0.858694,0.00344292,-0.511985,-0.0224595
2.33864,2.14393,0.862423,0.859631,0.00277893,-0.510413,-0.0224872
2.33896,2.14691,0.864614,0.860564,0.00435461,-0.508827,-0.0224889
2.33976,2.15262,0.866889,0.861884,0.00706763,-0.506559,-0.0224371
2.34063,2.15875,0.869207,0.863182,0.00885229,-0.504323,-0.0222901
2.34134,2.16092,0.87172,0.86443,0.00954231,-0.502219,-0.0210949
2.34261,2.16752,0.874231,0.866111,0.0103441,-0.499388,-0.0188714
2.34451,2.17524,0.87702,0.867499,0.00926782,-0.497079,-0.0164886
2.34543,2.18047,0.87903,0.868863,0.00733005,-0.494753,-0.0155983
2.34662,2.18395,0.881085,0.870669,0.00519399,-0.491624,-0.0146544
2.34875,2.18887,0.883085,0.871523,0.00389207,-0.490137,-0.014115
2.35026,2.19014,0.884915,0.872619,0.00335801,-0.488164,-0.0148246
2.35226,2.19618,0.885852,0.873293,0.00505701,-0.486909,-0.0158816
2.35414,2.20178,0.88742,0.87408,0.00556081,-0.485403,-0.0183787
2.35557,2.20524,0.888299,0.875457,0.00498019,-0.482855,-0.0200249
2.35722,2.20601,0.88986,0.876517,0.00339788,-0.480936,-0.0201964
2.35905,2.20842,0.892001,0.877995,0.00317997,-0.47823,-0.0202517
2.36142,2.21075,0.894648,0.880346,0.00293032,-0.473856,-0.0210295
2.36385,2.21136,0.896299,0.883257,0.00236345,-0.468427,-0.0206577
2.36606,2.2139,0.896556,0.886161,0.00224048,-0.463011,-0.0183112
2.36935,2.21758,0.896783,0.889269,0.00145332,-0.457123,-0.015412
2.37272,2.22419,0.896237,0.892908,0.000281844,-0.450046,-0.013167
2.37747,2.22652,0.896152,0.896079,-0.00370349,-0.443723,-0.011774
2.38042,2.22512,0.894849,0.898981,-0.00770196,-0.437812,-0.00973027
2.38353,2.22581,0.894377,0.902839,-0.00807065,-0.429849,-0.00679765
2.38926,2.23326,0.895727,0.906386,-0.00778413,-0.422337,-0.0058939
2.39283,2.231,0.895699,0.909857,-0.0109699,-0.414746,-0.00514118
2.39651,2.2335,0.895093,0.913567,-0.0100441,-0.40656,-0.00172174
2.40196,2.2357,0.896154,0.91703,-0.0108162,-0.398672,0.00041749
2.40674,2.23568,0.897251,0.920668,-0.0110114,-0.390186,0.00203264
2.4112,2.23524,0.897734,0.924501,-0.0107113,-0.381019,0.00259387
2.41637,2.2326,0.897795,0.928334,-0.0103055,-0.371592,0.00316933
2.41979,2.2341,0.896398,0.932808,-0.00734023,-0.360279,0.00386139
2.4235,2.23788,0.894369,0.936654,-0.00793508,-0.350157,0.00260503
2.43141,2.23604,0.895651,0.93944,-0.0129595,-0.342456,0.00289569
2.43855,2.23408,0.897165,0.942693,-0.0162418,-0.333237,0.00437205
2.44759,2.23568,0.898046,0.945668,-0.0195365,-0.324524,0.00387543
2.45696,2.22975,0.900443,0.948753,-0.0254652,-0.314944,0.00538566
2.46542,2.22752,0.900929,0.952275,-0.0257022,-0.304026,0.00894004
2.47513,2.23223,0.900048,0.955182,-0.0276444,-0.294618,0.00801256
2.48569,2.22929,0.901724,0.957737,-0.0338612,-0.285549,0.00741049
2.49344,2.22745,0.901762,0.960609,-0.0375983,-0.275217,0.00843178
2.50252,2.22686,0.901908,0.962889,-0.0405509,-0.266664,0.00956578
2.50951,2.2261,0.901688,0.96523,-0.0417455,-0.257804,0.0112002
2.51398,2.22734,0.899688,0.967821,-0.0404861,-0.248053,0.0123453
2.51743,2.22714,0.897992,0.970254,-0.0368786,-0.23878,0.015184
2.52046,2.23264,0.895715,0.972201,-0.0296793,-0.231777,0.014964
2.52513,2.23721,0.894671,0.973811,-0.0261792,-0.225422,0.0138673
2.52842,2.2378,0.894414,0.975185,-0.023542,-0.219525,0.016375
2.53232,2.24178,0.892934,0.976006,-0.0187625,-0.216176,0.0181321
2.53611,2.24576,0.891524,0.976856,-0.01479,-0.212575,0.01859
2.53922,2.24787,0.8903,0.977694,-0.00983956,-0.20878,0.0207039
2.5415,2.25473,0.887546,0.97844,-0.00401335,-0.205436,0.0208629
2.54405,2.26026,0.885312,0.978835,-0.00235021,-0.203516,0.0213891
2.54683,2.26363,0.883253,0.979163,8.22238e-005,-0.201828,0.0224703
2.54898,2.26818,0.880892,0.97985,0.00406803,-0.198625,0.0206394
2.55035,2.26963,0.878064,0.980313,0.00932667,-0.196084,0.0212251
2.55203,2.27474,0.874402,0.98057,0.01714,-0.194281,0.0210682
2.55366,2.27949,0.871271,0.981072,0.0241254,-0.191167,0.0192597
2.55536,2.28387,0.86831,0.981368,0.0311617,-0.188705,0.0183179
2.55784,2.29372,0.864502,0.981657,0.0357795,-0.18663,0.0154355
2.56108,2.3038,0.861502,0.982366,0.0353059,-0.183058,0.0141755
2.56426,2.30759,0.859141,0.982892,0.0323007,-0.18042,0.0181121
2.56913,2.31907,0.855304,0.983686,0.0304535,-0.176301,0.0187953
2.57264,2.32126,0.852562,0.98485,0.0241881,-0.170623,0.0193213
2.57648,2.323,0.849015,0.985864,0.0198353,-0.1652,0.0196851
2.58116,2.32524,0.844107,0.986998,0.0149746,-0.15899,0.0182573
2.58697,2.3247,0.839431,0.987948,0.00824306,-0.153592,0.0173037
2.59447,2.31835,0.834979,0.988437,0.00143206,-0.150463,0.0187308
2.6011,2.31448,0.828846,0.988924,-0.00374543,-0.147147,0.0190695
2.60834,2.30935,0.822952,0.989468,-0.0109089,-0.143285,0.0174136
2.61542,2.30098,0.817309,0.98973,-0.0198922,-0.140508,0.0172019
2.62243,2.29279,0.811728,0.989845,-0.0268959,-0.138568,0.0168214
2.62877,2.28411,0.80624,0.989979,-0.0337497,-0.136357,0.0144578
2.63486,2.27444,0.800719,0.989914,-0.0417965,-0.134805,0.0122662
2.64054,2.26279,0.795264,0.989724,-0.0495719,-0.133488,0.0130077
2.64357,2.252,0.789506,0.989201,-0.0574381,-0.133924,0.0157201
2.64639,2.23817,0.783684,0.98851,-0.0650731,-0.135109,0.0189587
2.64843,2.22361,0.777952,0.988001,-0.0686527,-0.136757,0.0209483
2.65065,2.21041,0.772041,0.987641,-0.0687148,-0.139431,0.0200521
2.65152,2.19889,0.765531,0.987453,-0.0686427,-0.140948,0.0189211
2.65289,2.18604,0.759979,0.9873,-0.0683814,-0.141883,0.0207705
2.65357,2.17482,0.754326,0.987405,-0.0672048,-0.141773,0.0203724
2.65521,2.16361,0.749209,0.987467,-0.0675807,-0.141294,0.0194212
2.65579,2.15166,0.744553,0.987477,-0.0697874,-0.139997,0.0204764
2.65646,2.13937,0.739494,0.987203,-0.0723924,-0.140166,0.023292
2.65657,2.12927,0.73389,0.98713,-0.0761013,-0.138102,0.0266811
2.65654,2.11407,0.729755,0.986525,-0.0832804,-0.136779,0.0335289
2.65662,2.10304,0.724122,0.986263,-0.0863436,-0.136313,0.0353498
2.65737,2.092,0.718514,0.986372,-0.0889277,-0.134271,0.0336711
2.65793,2.07896,0.713412,0.986235,-0.0930463,-0.132376,0.0340412
2.65763,2.06583,0.708139,0.985658,-0.0980888,-0.13248,0.0361273
2.65778,2.05469,0.702045,0.985019,-0.102573,-0.133323,0.0379675
2.65731,2.03965,0.697321,0.984145,-0.108127,-0.134221,0.0418585
2.65703,2.0268,0.691765,0.983712,-0.108985,-0.136073,0.0437877
2.65645,2.01495,0.686539,0.983667,-0.109743,-0.136101,0.0428014
2.65498,2.00056,0.682514,0.983331,-0.111685,-0.136966,0.0427505
2.65258,1.98666,0.678241,0.983169,-0.111244,-0.138241,0.0435017
2.65115,1.97729,0.672473,0.982753,-0.113454,-0.139734,0.0424099
2.64943,1.96044,0.670652,0.981634,-0.117867,-0.143734,0.042927
2.64313,1.94763,0.666475,0.981899,-0.113502,-0.145911,0.0412581
2.63894,1.93727,0.662009,0.981754,-0.111941,-0.148899,0.038166
2.63433,1.92721,0.658139,0.981754,-0.109673,-0.151185,0.03569
2.62988,1.91655,0.654729,0.981613,-0.108995,-0.152913,0.0342515
2.62568,1.90296,0.652277,0.981661,-0.106951,-0.154447,0.0323932
2.62085,1.89076,0.649048,0.981605,-0.104639,-0.157041,0.0289896
2.61484,1.88001,0.645088,0.981454,-0.102583,-0.159697,0.026861
2.60746,1.86742,0.640891,0.980648,-0.103271,-0.164101,0.0271313
2.59966,1.85701,0.635479,0.979853,-0.103136,-0.169007,0.0262332
2.59448,1.83999,0.633331,0.979105,-0.101455,-0.174566,0.02424
2.58367,1.83567,0.623236,0.979595,-0.0956235,-0.175744,0.0190953
2.5767,1.82533,0.61677,0.978462,-0.0970893,-0.181333,0.0174486
2.57175,1.81333,0.611281,0.977053,-0.0966392,-0.189012,0.0173758
2.56073,1.80969,0.600357,0.976619,-0.0956018,-0.192074,0.0135283
2.55623,1.79755,0.593518,0.974849,-0.0974007,-0.200166,0.0107717
2.54635,1.79276,0.582996,0.97409,-0.0943498,-0.205432,0.00670613
2.53612,1.78809,0.572289,0.972594,-0.0951367,-0.212112,0.00434903
2.52882,1.77801,0.564216,0.970109,-0.0978344,-0.221997,0.0058783
2.51939,1.76902,0.55548,0.968217,-0.0982769,-0.22995,0.00462073
2.50928,1.76128,0.545131,0.966354,-0.0996085,-0.237128,0.0027246
2.50146,1.74979,0.538868,0.964123,-0.100402,-0.24573,0.00199649
2.4931,1.74142,0.531095,0.962374,-0.101371,-0.252106,0.001539
2.4844,1.73456,0.523749,0.959958,-0.104494,-0.259921,0.00151412
2.47579,1.72428,0.517689,0.957228,-0.106093,-0.269177,0.00177957
2.46704,1.71359,0.512148,0.9551,-0.104853,-0.277109,7.94359e-005
2.45839,1.7063,0.504894,0.953432,-0.102215,-0.283743,-0.00320278
2.45058,1.70067,0.49797,0.951463,-0.101526,-0.290511,-0.00389268
2.44291,1.69575,0.490741,0.94935,-0.102791,-0.296909,-0.00358823
2.43578,1.69128,0.483532,0.947148,-0.104452,-0.303273,-0.00508714
2.4304,1.68604,0.477452,0.944839,-0.103591,-0.31062,-0.00796699
2.42388,1.6799,0.470543,0.943699,-0.100826,-0.314875,-0.0109888
2.41741,1.67686,0.462283,0.942915,-0.096895,-0.318317,-0.014055
2.41393,1.67395,0.456702,0.941423,-0.0953991,-0.323086,-0.0154223
2.40893,1.66894,0.449095,0.939496,-0.0961135,-0.328424,-0.0157273
2.40235,1.66315,0.44057,0.93848,-0.0935147,-0.332081,-0.0152531
2.39598,1.65788,0.432011,0.9381,-0.0904596,-0.333967,-0.0158641
2.39392,1.65342,0.426344,0.937076,-0.0882775,-0.337408,-0.0158594
2.39582,1.64935,0.427091,0.93539,-0.0873316,-0.342357,-0.0145306
2.39346,1.64673,0.421747,0.934798,-0.0867116,-0.344128,-0.0145014
2.39169,1.64438,0.417087,0.934235,-0.0856573,-0.345836,-0.0162869
2.39003,1.64204,0.412513,0.934012,-0.0836078,-0.346849,-0.0180835
2.38886,1.64105,0.407575,0.933806,-0.0819321,-0.347773,-0.0186584
2.38762,1.63973,0.403381,0.933285,-0.0820351,-0.34916,-0.018356
2.38606,1.63882,0.399463,0.932885,-0.0827905,-0.350035,-0.0186313
2.38607,1.63836,0.398299,0.932622,-0.0829812,-0.350604,-0.0201794
2.38484,1.63801,0.395017,0.932647,-0.0827788,-0.350473,-0.022028
2.38377,1.6368,0.392447,0.932177,-0.0822617,-0.351759,-0.0233206
2.3827,1.63546,0.390375,0.931946,-0.0812107,-0.352554,-0.024256
2.38182,1.63515,0.388983,0.931963,-0.0806314,-0.352537,-0.0257204
2.38001,1.63442,0.386845,0.931882,-0.0809455,-0.352543,-0.0275105
2.37834,1.63391,0.385467,0.931779,-0.081816,-0.352551,-0.0283378
2.37737,1.63378,0.384286,0.931526,-0.0833606,-0.352724,-0.0299366
2.37504,1.63345,0.382583,0.931425,-0.0852686,-0.352454,-0.0308574
2.37326,1.63481,0.380378,0.930978,-0.0880943,-0.352943,-0.0308249
2.3709,1.63445,0.378687,0.930535,-0.0903179,-0.353357,-0.0329604
2.36793,1.63251,0.377062,0.930454,-0.0902243,-0.353377,-0.0352151
2.36541,1.63189,0.374846,0.930658,-0.0902698,-0.352805,-0.0354305
2.36308,1.63169,0.371664,0.930832,-0.0914335,-0.352163,-0.0342382
2.36008,1.63234,0.367671,0.930776,-0.0943935,-0.351797,-0.0313726
2.35813,1.63313,0.363925,0.930195,-0.0968001,-0.352656,-0.0316321
2.35449,1.631,0.359417,0.929989,-0.0973379,-0.352886,-0.0334195
2.35241,1.63069,0.355451,0.929923,-0.096836,-0.353119,-0.0342385
2.34967,1.63195,0.349568,0.92991,-0.0989625,-0.352633,-0.0335196
2.3474,1.63295,0.343016,0.929371,-0.103191,-0.352917,-0.0327118
2.34357,1.63175,0.335339,0.928502,-0.1069,-0.354225,-0.0313241
2.34063,1.63162,0.328218,0.927754,-0.10959,-0.355388,-0.0310061
2.33677,1.63107,0.319234,0.927937,-0.110292,-0.354552,-0.0325792
2.33357,1.63103,0.310934,0.927873,-0.111111,-0.354322,-0.0340846
2.32937,1.63118,0.300907,0.927809,-0.112701,-0.354062,-0.0332898
2.32654,1.63286,0.291219,0.927267,-0.115175,-0.354923,-0.0306579
2.32297,1.63317,0.280996,0.926712,-0.117854,-0.355641,-0.0288819
2.3193,1.63351,0.270626,0.926386,-0.119103,-0.356099,-0.0285948
2.31531,1.63384,0.259507,0.926373,-0.119055,-0.356043,-0.0298895
2.31149,1.63366,0.249354,0.926097,-0.118341,-0.356888,-0.0311492
2.30775,1.63385,0.238597,0.926093,-0.11726,-0.357175,-0.0320586
2.30376,1.6337,0.227971,0.925735,-0.116487,-0.358236,-0.0333557
2.30065,1.63427,0.218194,0.925067,-0.115456,-0.360254,-0.033743
2.29739,1.63456,0.209103,0.924361,-0.114916,-0.362162,-0.0344865
2.295,1.63622,0.20063,0.923475,-0.114923,-0.364489,-0.0336849
2.29261,1.63623,0.192705,0.922418,-0.116342,-0.366689,-0.0338949
2.29033,1.63669,0.185025,0.921534,-0.117012,-0.36874,-0.0333867
2.28901,1.63766,0.177987,0.920447,-0.117515,-0.371203,-0.0342836
2.2878,1.63776,0.17131,0.919577,-0.117644,-0.373106,-0.0364633
2.28647,1.6378,0.164643,0.918822,-0.117424,-0.37484,-0.0383878
2.28552,1.63847,0.157639,0.917937,-0.116838,-0.377089,-0.0392975
2.28502,1.63842,0.151812,0.916701,-0.117159,-0.379823,-0.0408284
2.28489,1.63798,0.145441,0.915755,-0.117589,-0.381908,-0.041381
2.28487,1.63777,0.138928,0.91486,-0.118236,-0.383972,-0.0401991
2.28535,1.63824,0.131712,0.91383,-0.119473,-0.386165,-0.0389561
2.28536,1.63646,0.125796,0.912118,-0.120571,-0.38966,-0.0408374
2.28555,1.63466,0.119031,0.910996,-0.120261,-0.392185,-0.0426048
2.28486,1.63188,0.111098,0.910178,-0.119619,-0.393988,-0.0451743
2.28617,1.63067,0.104491,0.908615,-0.119885,-0.397296,-0.0469301
2.28713,1.62915,0.0975962,0.907497,-0.120111,-0.399701,-0.0475606
2.288,1.62815,0.0896151,0.906059,-0.120348,-0.402884,-0.0475201
2.28948,1.62705,0.0821434,0.904123,-0.120509,-0.407104,-0.0480225
2.29014,1.62591,0.0735003,0.902932,-0.120276,-0.409788,-0.0481832
2.2912,1.62529,0.0652628,0.901727,-0.119941,-0.41242,-0.0491097
2.29127,1.62294,0.056824,0.900698,-0.119125,-0.414821,-0.0497572
2.29171,1.62221,0.048004,0.899906,-0.117276,-0.41723,-0.0483219
2.29184,1.62071,0.0393535,0.899351,-0.114974,-0.419082,-0.0481503
2.29299,1.62148,0.0309809,0.899065,-0.112332,-0.420532,-0.0470902
2.29196,1.61995,0.0214093,0.898377,-0.111125,-0.42236,-0.0467137
2.29133,1.61885,0.0126699,0.897674,-0.108421,-0.424741,-0.0449659
2.29092,1.61953,0.00342107,0.897249,-0.105189,-0.42655,-0.0439842
2.29009,1.62023,-0.00593555,0.896302,-0.102499,-0.429094,-0.0448845
2.28865,1.61856,-0.0151656,0.89549,-0.0998288,-0.431294,-0.0460062
2.2883,1.61968,-0.0247473,0.895241,-0.0957719,-0.432845,-0.0449154
2.28765,1.62088,-0.0345511,0.894476,-0.093557,-0.43499,-0.0440806
2.28673,1.62104,-0.0441526,0.893423,-0.0928235,-0.437395,-0.0431903
2.28603,1.62204,-0.0536894,0.892564,-0.0919208,-0.439532,-0.0411176
2.28551,1.62379,-0.0632774,0.891895,-0.0921525,-0.440959,-0.0398301
2.28498,1.62521,-0.0728624,0.890951,-0.0932954,-0.442675,-0.0392688
2.28383,1.62531,-0.0825677,0.889849,-0.0938928,-0.444768,-0.0391631
2.28308,1.62674,-0.0917752,0.889205,-0.0933339,-0.446201,-0.0388274
2.28202,1.62797,-0.100784,0.888646,-0.0931973,-0.447388,-0.0383023
2.28075,1.62863,-0.109773,0.887743,-0.093674,-0.449094,-0.0380964
2.28021,1.62889,-0.117819,0.886455,-0.0930757,-0.451702,-0.038715
2.27966,1.62954,-0.125471,0.885978,-0.0910103,-0.453055,-0.0387581
2.27862,1.63169,-0.134048,0.885904,-0.0891251,-0.45355,-0.0390292
2.27736,1.63197,-0.141841,0.885497,-0.0883459,-0.454334,-0.0408871
2.27619,1.63291,-0.149542,0.884809,-0.0874369,-0.455795,-0.0414657
2.27517,1.6337,-0.157532,0.884059,-0.0871038,-0.457331,-0.0412399
2.27386,1.63439,-0.165547,0.883101,-0.0871393,-0.45921,-0.0408055
2.27338,1.63464,-0.17179,0.881931,-0.0874506,-0.461427,-0.0404442
2.27276,1.63485,-0.178083,0.881119,-0.0873217,-0.463,-0.0404298
2.27198,1.63522,-0.183677,0.880767,-0.0878213,-0.463631,-0.0397841
2.27051,1.63471,-0.189448,0.879839,-0.0898682,-0.465004,-0.0397189
2.27001,1.63333,-0.194553,0.877857,-0.0909787,-0.468447,-0.0406006
2.26974,1.63437,-0.199403,0.876456,-0.0908889,-0.471039,-0.0410537
2.26957,1.63497,-0.204078,0.875112,-0.0920233,-0.473166,-0.0427104
2.26968,1.63513,-0.208347,0.873408,-0.0933057,-0.475904,-0.0443647
2.27029,1.63504,-0.212179,0.871734,-0.0936002,-0.478744,-0.0460831
2.27074,1.63675,-0.216925,0.871211,-0.093974,-0.479464,-0.0476912
2.27157,1.63715,-0.220751,0.870274,-0.0958836,-0.480746,-0.0480928
2.27335,1.63736,-0.223566,0.868662,-0.0979939,-0.483118,-0.0492043
2.27522,1.638,-0.226142,0.868308,-0.100306,-0.483251,-0.049489
2.27735,1.63896,-0.228568,0.8684,-0.104302,-0.482333,-0.0485467
2.27982,1.639,-0.232035,0.866985,-0.106831,-0.484265,-0.0491152
2.28363,1.63846,-0.233752,0.866089,-0.107756,-0.485375,-0.051856
2.28687,1.6388,-0.236656,0.867161,-0.107654,-0.483587,-0.0508431
2.29052,1.63977,-0.240648,0.866903,-0.106977,-0.484239,-0.0504773
2.29473,1.64038,-0.244738,0.866214,-0.107127,-0.485404,-0.0507978
2.29961,1.64207,-0.248016,0.866549,-0.108365,-0.484466,-0.0513964
2.30413,1.64433,-0.25168,0.867019,-0.110299,-0.483184,-0.0514419
2.30954,1.64642,-0.255019,0.866628,-0.111972,-0.483271,-0.0535361
2.31504,1.64817,-0.257628,0.866634,-0.113308,-0.48272,-0.0555739
2.32081,1.65042,-0.259608,0.867127,-0.113449,-0.481479,-0.0582988
2.32613,1.65297,-0.262401,0.867878,-0.113903,-0.479874,-0.0594496
2.33134,1.65525,-0.265449,0.867817,-0.115626,-0.47936,-0.0611385
2.33699,1.65702,-0.268362,0.867692,-0.117262,-0.478983,-0.062734
2.3428,1.65891,-0.270817,0.867784,-0.11817,-0.478339,-0.0646486
2.3482,1.66084,-0.274383,0.867882,-0.118476,-0.477782,-0.066845
2.3537,1.66175,-0.277219,0.867579,-0.119402,-0.477758,-0.0692576
2.3588,1.66362,-0.28076,0.86744,-0.121668,-0.477341,-0.0699357
2.36383,1.66492,-0.284173,0.866974,-0.124371,-0.477323,-0.0710629
2.36855,1.6658,-0.287748,0.866471,-0.125806,-0.47775,-0.0717995
2.37354,1.66723,-0.291806,0.865966,-0.126343,-0.478159,-0.0741928
2.37869,1.66926,-0.295167,0.86591,-0.127225,-0.477778,-0.0757697
2.38348,1.67084,-0.29912,0.865952,-0.128347,-0.477276,-0.0765606
2.3881,1.67172,-0.302615,0.865967,-0.12995,-0.47675,-0.0769619
2.39238,1.67331,-0.307531,0.866343,-0.131415,-0.475851,-0.0757983
2.39658,1.67421,-0.312137,0.866241,-0.1317,-0.475954,-0.0758206
2.40088,1.6758,-0.316159,0.866608,-0.132032,-0.475141,-0.0761582
2.40492,1.67757,-0.320806,0.866967,-0.132638,-0.474346,-0.0759693
2.4088,1.67896,-0.325383,0.866704,-0.133974,-0.47442,-0.0761682
2.41261,1.68043,-0.329633,0.866314,-0.134666,-0.474897,-0.0764028
2.41582,1.68203,-0.334586,0.866336,-0.134835,-0.474704,-0.0770566
2.41877,1.68361,-0.3385,0.86555,-0.135332,-0.47582,-0.0781212
2.42159,1.68402,-0.342723,0.864348,-0.134976,-0.47805,-0.0784396
2.42392,1.68478,-0.347309,0.862828,-0.13428,-0.481033,-0.078128
2.42614,1.68491,-0.351748,0.861112,-0.133352,-0.484267,-0.0786682
2.42784,1.68521,-0.355971,0.859935,-0.132617,-0.486497,-0.0790293
2.42979,1.68511,-0.358856,0.858586,-0.131566,-0.489076,-0.0795301
2.43116,1.68493,-0.363217,0.858043,-0.131262,-0.490094,-0.0796308
2.43326,1.68564,-0.36583,0.857686,-0.130303,-0.49096,-0.0797179
2.43451,1.68575,-0.368867,0.857771,-0.129214,-0.49112,-0.0795883
2.43627,1.68614,-0.371377,0.857672,-0.127573,-0.491676,-0.0798695
2.43745,1.68646,-0.374428,0.857662,-0.125792,-0.492215,-0.079476
2.43828,1.68678,-0.377055,0.857398,-0.125154,-0.492898,-0.0791043
2.4391,1.68733,-0.379287,0.856824,-0.12496,-0.493956,-0.0790223
2.43938,1.68637,-0.38097,0.856467,-0.124322,-0.49476,-0.0788773
2.43925,1.68538,-0.383097,0.855848,-0.121579,-0.496588,-0.0783721
2.43892,1.68344,-0.385263,0.855835,-0.118007,-0.497473,-0.0783661
2.43846,1.6815,-0.386673,0.856585,-0.11514,-0.496907,-0.078029
2.43762,1.68048,-0.389744,0.857552,-0.111916,-0.496428,-0.075091
2.43699,1.68004,-0.393134,0.857674,-0.10994,-0.496875,-0.0736477
2.43636,1.67943,-0.396129,0.857889,-0.108548,-0.496877,-0.073194
2.43535,1.67885,-0.399314,0.858439,-0.10657,-0.496308,-0.0735107
2.43425,1.67923,-0.403461,0.859095,-0.10359,-0.495553,-0.0751853
2.43334,1.67917,-0.406286,0.860294,-0.10136,-0.493577,-0.0774785
2.43239,1.6797,-0.409187,0.861829,-0.0998161,-0.49105,-0.0784698
2.43107,1.68118,-0.413547,0.86322,-0.0996202,-0.488629,-0.0785465
2.43031,1.68134,-0.417051,0.864446,-0.100984,-0.486027,-0.0794629
2.43019,1.68148,-0.41854,0.867029,-0.102404,-0.481317,-0.0781575
2.42935,1.68359,-0.423166,0.86977,-0.101281,-0.477058,-0.0752262
2.42978,1.68325,-0.425354,0.871682,-0.0991936,-0.473743,-0.0768017
2.43048,1.68409,-0.426967,0.875905,-0.096272,-0.466809,-0.0749043
2.43017,1.68823,-0.430724,0.880848,-0.0929351,-0.458392,-0.0731202
2.43128,1.6918,-0.433753,0.88438,-0.0905114,-0.451691,-0.0751986
2.43294,1.69576,-0.435839,0.888137,-0.0909869,-0.444227,-0.074806
2.43442,1.70127,-0.439701,0.891219,-0.0948478,-0.437575,-0.0725322
2.43686,1.70548,-0.442647,0.892842,-0.100631,-0.43299,-0.0722979
2.44107,1.70915,-0.443192,0.894707,-0.104624,-0.428098,-0.072699
2.44431,1.71323,-0.44519,0.89805,-0.105314,-0.420891,-0.0725664
2.44792,1.71832,-0.447867,0.901418,-0.106153,-0.413309,-0.0731652
2.45184,1.72403,-0.451138,0.903981,-0.108381,-0.406891,-0.0742447
2.45721,1.72873,-0.452778,0.906175,-0.110301,-0.401096,-0.0761734
2.46181,1.73322,-0.455433,0.909202,-0.111349,-0.393975,-0.0757487
2.46512,1.73819,-0.459204,0.911846,-0.112574,-0.387593,-0.0750696
2.46911,1.74258,-0.462513,0.913909,-0.114533,-0.382114,-0.0751082
2.4731,1.74655,-0.466129,0.916263,-0.115849,-0.376313,-0.0736866
2.47564,1.75102,-0.470823,0.918832,-0.117507,-0.369918,-0.0714207
2.47746,1.75429,-0.47575,0.920374,-0.119249,-0.365659,-0.0706017
2.48031,1.75849,-0.480644,0.921818,-0.120173,-0.361845,-0.069843
2.48089,1.76065,-0.486894,0.923065,-0.122632,-0.358177,-0.0679771
2.4829,1.76377,-0.493049,0.923687,-0.124012,-0.35601,-0.0684178
2.47969,1.76494,-0.500042,0.924996,-0.122872,-0.352651,-0.0701631
2.48064,1.76669,-0.505579,0.926638,-0.123358,-0.348308,-0.0693204
2.48248,1.76897,-0.511668,0.92832,-0.123836,-0.343947,-0.0677281
2.48471,1.77023,-0.516848,0.930396,-0.124514,-0.338722,-0.0642384
2.4878,1.77263,-0.522622,0.93331,-0.123069,-0.33186,-0.0604594
2.48946,1.77336,-0.527133,0.935981,-0.123075,-0.324631,-0.0583718
2.49274,1.7746,-0.531296,0.938327,-0.121955,-0.31847,-0.0569734
2.49649,1.77748,-0.536065,0.941533,-0.118863,-0.310498,-0.0545705
2.50015,1.77953,-0.54029,0.945241,-0.115944,-0.300485,-0.0527794
2.50295,1.78166,-0.545001,0.949023,-0.112289,-0.289838,-0.0523497
2.50581,1.78297,-0.548371,0.952951,-0.107036,-0.279192,-0.0497866
2.5087,1.78302,-0.551703,0.956523,-0.103831,-0.268893,-0.0444922
2.51154,1.78438,-0.555185,0.959501,-0.101316,-0.259765,-0.0401898
2.51403,1.78607,-0.558765,0.962496,-0.0975321,-0.250717,-0.0350789
2.51659,1.7856,-0.561137,0.96503,-0.0959118,-0.242224,-0.0290972
2.51971,1.78714,-0.564421,0.967073,-0.0948893,-0.234736,-0.0257737
2.5221,1.78843,-0.567573,0.968749,-0.0963925,-0.227393,-0.0229223
2.52369,1.7902,-0.571525,0.970082,-0.0971534,-0.221665,-0.0191634
2.5266,1.79234,-0.574438,0.971204,-0.0979908,-0.216512,-0.0168339
2.52898,1.79477,-0.577477,0.972179,-0.100757,-0.210819,-0.0164763
2.53041,1.79703,-0.580882,0.97286,-0.104423,-0.205955,-0.014913
2.5327,1.80012,-0.584628,0.97366,-0.104381,-0.202278,-0.0131927
2.53491,1.80128,-0.586963,0.974384,-0.106366,-0.197824,-0.011277
2.53689,1.80317,-0.589994,0.975143,-0.106409,-0.194079,-0.0103024
2.53936,1.80363,-0.592443,0.9757,-0.107546,-0.190757,-0.00743132
2.54219,1.8053,-0.595976,0.976569,-0.106283,-0.187038,-0.00573417
2.54588,1.80531,-0.598181,0.977386,-0.106942,-0.182381,-0.00425268
2.54998,1.80677,-0.600901,0.978068,-0.109195,-0.177322,-0.00393318
2.55371,1.80914,-0.603698,0.978965,-0.109114,-0.172302,-0.00579339
2.5581,1.81069,-0.605891,0.980272,-0.108265,-0.165187,-0.00761326
2.56106,1.80928,-0.607301,0.981165,-0.108761,-0.159353,-0.00968154
2.56429,1.8103,-0.610153,0.981949,-0.107485,-0.155298,-0.0103003
2.5669,1.80988,-0.611929,0.982455,-0.108226,-0.151671,-0.00805939
2.57003,1.80917,-0.613559,0.982708,-0.109352,-0.149315,-0.00570698
2.5734,1.81063,-0.616278,0.983434,-0.107853,-0.145624,-0.00436852
2.57612,1.81023,-0.617494,0.984177,-0.106743,-0.141375,-0.00391926
2.57827,1.81063,-0.619699,0.984978,-0.104729,-0.137253,-0.00348521
2.58125,1.81117,-0.621401,0.985726,-0.104123,-0.132254,-0.00323643
2.58436,1.81121,-0.622347,0.986133,-0.105651,-0.127943,-0.00327177
2.58766,1.81166,-0.623522,0.986356,-0.10694,-0.125115,-0.00345181
2.59104,1.81236,-0.625023,0.986791,-0.106648,-0.121875,-0.00391001
2.5949,1.81314,-0.626335,0.987254,-0.10648,-0.118222,-0.00393843
2.59841,1.8133,-0.627227,0.987658,-0.106989,-0.114314,-0.00408014
2.60226,1.81356,-0.628333,0.988139,-0.106868,-0.110231,-0.00315711
2.60574,1.81275,-0.628728,0.988415,-0.108401,-0.106204,-0.00222545
2.60976,1.81284,-0.629761,0.988684,-0.10946,-0.10258,-0.000427531
2.61253,1.81202,-0.630643,0.98902,-0.110539,-0.0980886,0.000294389
2.61468,1.80986,-0.630574,0.989399,-0.111224,-0.0933696,6.62497e-005
2.61791,1.80872,-0.631295,0.989791,-0.111103,-0.0892717,0.000700207
2.6206,1.80767,-0.632036,0.99032,-0.110131,-0.0844741,0.00105695
2.6244,1.80673,-0.632455,0.990839,-0.108774,-0.0800043,0.0024851
2.62717,1.80545,-0.633069,0.991312,-0.107616,-0.0755645,0.00302998
2.62967,1.80446,-0.634033,0.991858,-0.105689,-0.0709072,0.00433825
2.63239,1.80338,-0.634868,0.992396,-0.10348,-0.0663727,0.00598982
2.63528,1.80176,-0.635682,0.992858,-0.101866,-0.0616632,0.00740515
2.6382,1.80119,-0.636948,0.993392,-0.0993087,-0.0567908,0.00919964
2.64064,1.7987,-0.638136,0.993931,-0.0963706,-0.0523576,0.00853446
2.64388,1.79737,-0.639289,0.99441,-0.0938,-0.0477169,0.00859716
2.64695,1.79709,-0.640844,0.99497,-0.0903595,-0.0422261,0.00935248
2.6503,1.79637,-0.642315,0.995484,-0.0866025,-0.0369095,0.012206
2.65344,1.79556,-0.643969,0.995969,-0.0826309,-0.0321719,0.0135241
2.6558,1.7937,-0.645396,0.996544,-0.077705,-0.0264189,0.0128364
2.6585,1.79231,-0.646295,0.997005,-0.0735331,-0.0203564,0.012604
2.66157,1.7912,-0.647395,0.997324,-0.0702266,-0.0151922,0.0135095
2.66421,1.7903,-0.64849,0.997569,-0.0671074,-0.010378,0.0156283
2.66698,1.78924,-0.649789,0.997775,-0.0644055,-0.00577551,0.0162207
2.67185,1.78917,-0.651329,0.997987,-0.0615304,-0.00153196,0.0152895
2.67467,1.78799,-0.652561,0.998159,-0.0586447,0.00493801,0.0146752
2.67835,1.78874,-0.653753,0.998253,-0.0557697,0.0109889,0.0161199
2.68165,1.78793,-0.655269,0.998335,-0.0528571,0.0165553,0.0161013
2.68516,1.78815,-0.656351,0.998269,-0.0514539,0.0229947,0.0168229
2.68905,1.78886,-0.657516,0.998105,-0.0511847,0.0284271,0.0189319
2.69273,1.78871,-0.65876,0.997901,-0.0509168,0.0332728,0.0222478
2.69595,1.78889,-0.659956,0.99776,-0.0494833,0.0377402,0.0245453
2.69936,1.7889,-0.66131,0.997634,-0.0478487,0.042238,0.0255582
2.7022,1.78872,-0.662386,0.997437,-0.0468244,0.0470047,0.0268038
2.705,1.78883,-0.663394,0.997182,-0.0461294,0.0514945,0.0291287
2.70735,1.78869,-0.664118,0.996827,-0.0459912,0.0563326,0.0323733
2.70883,1.78806,-0.664368,0.996424,-0.0463403,0.0615057,0.0347608
2.71043,1.78794,-0.664676,0.996019,-0.0464873,0.0664314,0.0370379
2.71215,1.78822,-0.665117,0.995598,-0.0463491,0.0707903,0.040314
2.71342,1.78815,-0.66553,0.995112,-0.0472182,0.0752816,0.0430784
2.71476,1.78883,-0.666062,0.994602,-0.0478994,0.0796286,0.0461671
2.71576,1.79028,-0.666508,0.994162,-0.0479716,0.0832609,0.0490752
2.71583,1.79075,-0.667062,0.993804,-0.0496055,0.0866427,0.0488541
2.71571,1.79362,-0.667184,0.993261,-0.0523419,0.0908817,0.0493236
2.71544,1.79662,-0.66732,0.992762,-0.0539536,0.0946669,0.0505059
